
 0.000000 0.000000
 0.031416 0.031411
 0.062832 0.062791
 0.094248 0.094108
 0.125664 0.125333
 0.157080 0.156434
 0.188496 0.187381
 0.219911 0.218143
 0.251327 0.248690
 0.282743 0.278991
 0.314159 0.309017
 0.345575 0.338738
 0.376991 0.368125
 0.408407 0.397148
 0.439823 0.425779
 0.471239 0.453991
 0.502655 0.481754
 0.534071 0.509041
 0.565487 0.535827
 0.596903 0.562083
 0.628319 0.587785
 0.659734 0.612907
 0.691150 0.637424
 0.722566 0.661312
 0.753982 0.684547
 0.785398 0.707107
 0.816814 0.728969
 0.848230 0.750111
 0.879646 0.770513
 0.911062 0.790155
 0.942478 0.809017
 0.973894 0.827081
 1.005310 0.844328
 1.036726 0.860742
 1.068141 0.876307
 1.099557 0.891007
 1.130973 0.904827
 1.162389 0.917755
 1.193805 0.929776
 1.225221 0.940881
 1.256637 0.951057
 1.288053 0.960294
 1.319469 0.968583
 1.350885 0.975917
 1.382301 0.982287
 1.413717 0.987688
 1.445133 0.992115
 1.476549 0.995562
 1.507964 0.998027
 1.539380 0.999507
 1.570796 1.000000
 1.602212 0.999507
 1.633628 0.998027
 1.665044 0.995562
 1.696460 0.992115
 1.727876 0.987688
 1.759292 0.982287
 1.790708 0.975917
 1.822124 0.968583
 1.853540 0.960294
 1.884956 0.951056
 1.916371 0.940881
 1.947787 0.929776
 1.979203 0.917755
 2.010619 0.904827
 2.042035 0.891006
 2.073451 0.876307
 2.104867 0.860742
 2.136283 0.844328
 2.167699 0.827081
 2.199115 0.809017
 2.230531 0.790155
 2.261947 0.770513
 2.293363 0.750111
 2.324779 0.728969
 2.356194 0.707107
 2.387610 0.684547
 2.419026 0.661312
 2.450442 0.637424
 2.481858 0.612907
 2.513274 0.587785
 2.544690 0.562083
 2.576106 0.535827
 2.607522 0.509041
 2.638938 0.481754
 2.670354 0.453991
 2.701770 0.425779
 2.733186 0.397148
 2.764601 0.368125
 2.796017 0.338738
 2.827433 0.309017
 2.858849 0.278991
 2.890265 0.248690
 2.921681 0.218143
 2.953097 0.187381
 2.984513 0.156434
 3.015929 0.125333
 3.047345 0.094108
 3.078761 0.062790
 3.110177 0.031411